0 0.374545 0.524590 0.160000 0.207650
0 0.270909 0.387978 0.192727 0.273224
0 0.176364 0.202186 0.170909 0.153005
0 0.378182 0.193989 0.152727 0.169399
0 0.476364 0.338798 0.160000 0.185792
0 0.598182 0.554645 0.207273 0.245902
0 0.694545 0.396175 0.152727 0.202186
0 0.880000 0.174863 0.130909 0.163934
0 0.574545 0.202186 0.145455 0.153005
0 0.703636 0.142077 0.141818 0.153005
0 0.185455 0.696721 0.225455 0.278689
0 0.430909 0.827869 0.192727 0.213115
0 0.678182 0.827869 0.192727 0.202186
0 0.814545 0.606557 0.160000 0.229508
