1 0.648649 0.358247 0.223938 0.293814
1 0.642857 0.128866 0.204633 0.195876
1 0.833977 0.170103 0.177606 0.247423
1 0.944015 0.317010 0.111969 0.211340
1 0.949807 0.597938 0.100386 0.288660
1 0.893822 0.801546 0.212355 0.221649
1 0.781853 0.610825 0.250965 0.273196
1 0.579151 0.621134 0.200772 0.221649
1 0.689189 0.817010 0.204633 0.201031
1 0.469112 0.829897 0.250965 0.237113
1 0.239382 0.827320 0.200772 0.201031
1 0.353282 0.603093 0.220077 0.257732
1 0.413127 0.378866 0.208494 0.201031
1 0.333977 0.188144 0.220077 0.262887
1 0.214286 0.440722 0.181467 0.242268
1 0.079151 0.332474 0.150579 0.221649
1 0.113900 0.603093 0.189189 0.247423
1 0.059846 0.827320 0.104247 0.180412
