0 0.382246 0.281421 0.184783 0.234973
0 0.273551 0.147541 0.163043 0.218579
0 0.148551 0.213115 0.137681 0.196721
0 0.041667 0.114754 0.068841 0.196721
0 0.068841 0.418033 0.108696 0.180328
0 0.211957 0.521858 0.184783 0.224044
0 0.226449 0.338798 0.126812 0.153005
0 0.507246 0.538251 0.202899 0.234973
0 0.610507 0.316940 0.148551 0.185792
0 0.583333 0.114754 0.166667 0.174863
0 0.824275 0.420765 0.177536 0.240437
0 0.856884 0.693989 0.206522 0.262295
0 0.489130 0.849727 0.188406 0.245902
0 0.086957 0.795082 0.137681 0.224044
0 0.324275 0.713115 0.184783 0.234973
0 0.820652 0.918033 0.250000 0.163934
0 0.653986 0.704918 0.119565 0.404372
0 0.831522 0.142077 0.271739 0.218579
