1 0.525455 0.248634 0.141818 0.278689
1 0.680000 0.237705 0.145455 0.202186
1 0.814545 0.475410 0.196364 0.316940
1 0.621818 0.434426 0.138182 0.191257
1 0.685455 0.672131 0.221818 0.251366
1 0.507273 0.792350 0.250909 0.251366
1 0.465455 0.530055 0.174545 0.207650
1 0.345455 0.327869 0.167273 0.207650
1 0.300000 0.098361 0.192727 0.174863
1 0.098182 0.150273 0.189091 0.245902
1 0.154545 0.415301 0.258182 0.273224
1 0.116364 0.672131 0.210909 0.207650
1 0.123636 0.882514 0.218182 0.234973
1 0.301818 0.729508 0.196364 0.267760
1 0.803636 0.868852 0.225455 0.251366
1 0.929091 0.704918 0.141818 0.327869
1 0.952727 0.415301 0.094545 0.262295
1 0.834545 0.284153 0.163636 0.163934
1 0.801818 0.084699 0.178182 0.136612
