0 0.683019 0.265789 0.143396 0.205263
0 0.864151 0.260526 0.135849 0.205263
0 0.849057 0.092105 0.173585 0.152632
0 0.179245 0.213158 0.154717 0.205263
0 0.369811 0.242105 0.135849 0.210526
0 0.526415 0.260526 0.132075 0.163158
0 0.430189 0.447368 0.150943 0.189474
0 0.583019 0.442105 0.154717 0.210526
0 0.750943 0.455263 0.158491 0.215789
0 0.922642 0.476316 0.139623 0.215789
0 0.833962 0.647368 0.158491 0.189474
0 0.922642 0.813158 0.154717 0.194737
0 0.673585 0.647368 0.169811 0.157895
0 0.728302 0.805263 0.166038 0.189474
0 0.584906 0.831579 0.135849 0.178947
0 0.511321 0.631579 0.169811 0.221053
0 0.347170 0.631579 0.150943 0.231579
0 0.277358 0.418421 0.147170 0.215789
0 0.100000 0.447368 0.169811 0.231579
0 0.190566 0.647368 0.147170 0.210526
0 0.252830 0.818421 0.166038 0.173684
0 0.415094 0.821053 0.135849 0.189474
0 0.216981 0.078947 0.162264 0.147368
0 0.373585 0.089474 0.120755 0.126316
0 0.515094 0.102632 0.139623 0.163158
0 0.679245 0.089474 0.135849 0.136842
0 0.052830 0.647368 0.098113 0.200000
0 0.111321 0.823684 0.101887 0.163158
