1 0.622363 0.643192 0.282700 0.234742
1 0.852321 0.854460 0.295359 0.215962
1 0.468354 0.415493 0.270042 0.201878
1 0.523207 0.269953 0.177215 0.126761
1 0.468354 0.140845 0.194093 0.178404
1 0.672996 0.164319 0.198312 0.178404
1 0.803797 0.300469 0.164557 0.159624
1 0.812236 0.154930 0.097046 0.140845
1 0.911392 0.302817 0.126582 0.145540
1 0.917722 0.453052 0.147679 0.211268
1 0.708861 0.504695 0.177215 0.192488
1 0.875527 0.629108 0.189873 0.197183
1 0.246835 0.356808 0.232068 0.300469
1 0.248945 0.093897 0.261603 0.159624
1 0.101266 0.225352 0.160338 0.225352
1 0.063291 0.511737 0.101266 0.300469
1 0.215190 0.645540 0.244726 0.267606
1 0.348101 0.906103 0.223629 0.169014
1 0.582278 0.906103 0.185654 0.178404
1 0.455696 0.706573 0.185654 0.164319
1 0.130802 0.924883 0.194093 0.131455
2 0.886076 0.068075 0.210970 0.117371
