1 0.521858 0.364130 0.267760 0.192029
1 0.844262 0.561594 0.278689 0.202899
1 0.508197 0.623188 0.327869 0.173913
1 0.636612 0.487319 0.191257 0.141304
1 0.297814 0.471014 0.256831 0.166667
1 0.120219 0.340580 0.196721 0.152174
1 0.155738 0.237319 0.180328 0.119565
1 0.183060 0.146739 0.213115 0.126812
1 0.284153 0.092391 0.142077 0.076087
1 0.385246 0.195652 0.191257 0.094203
1 0.513661 0.132246 0.174863 0.090580
1 0.734973 0.152174 0.169399 0.108696
1 0.699454 0.782609 0.327869 0.195652
1 0.270492 0.695652 0.300546 0.166667
1 0.153005 0.860507 0.251366 0.163043
1 0.551913 0.922101 0.371585 0.155797
1 0.450820 0.811594 0.202186 0.108696
1 0.923497 0.824275 0.153005 0.119565
1 0.887978 0.943841 0.224044 0.112319
1 0.101093 0.603261 0.158470 0.119565
1 0.677596 0.286232 0.174863 0.086957
1 0.833333 0.353261 0.224044 0.134058
1 0.898907 0.121377 0.158470 0.097826
1 0.868852 0.239130 0.185792 0.094203
