1 0.680000 0.483607 0.247273 0.377049
1 0.834545 0.792350 0.221818 0.349727
1 0.800000 0.393443 0.145455 0.295082
1 0.929091 0.415301 0.141818 0.371585
1 0.923636 0.090164 0.152727 0.169399
1 0.740000 0.122951 0.229091 0.224044
1 0.549091 0.215847 0.254545 0.245902
1 0.374545 0.092896 0.247273 0.174863
1 0.121818 0.415301 0.200000 0.415301
1 0.132727 0.095628 0.221818 0.180328
1 0.360000 0.516393 0.261818 0.409836
1 0.143636 0.797814 0.243636 0.338798
1 0.396364 0.901639 0.261818 0.196721
1 0.590909 0.699454 0.236364 0.338798
1 0.938182 0.937158 0.123636 0.125683
