0 0.497268 0.201818 0.218579 0.127273
0 0.745902 0.185455 0.169399 0.116364
0 0.248634 0.194545 0.180328 0.120000
0 0.267760 0.510909 0.284153 0.156364
0 0.713115 0.336364 0.234973 0.134545
0 0.489071 0.470909 0.169399 0.149091
0 0.699454 0.478182 0.142077 0.098182
0 0.765027 0.574545 0.196721 0.116364
0 0.442623 0.632727 0.251366 0.130909
0 0.508197 0.790909 0.229508 0.149091
0 0.245902 0.790909 0.218579 0.141818
0 0.773224 0.701818 0.180328 0.116364
0 0.726776 0.809091 0.196721 0.112727
0 0.896175 0.929091 0.207650 0.112727
0 0.937158 0.772727 0.125683 0.105455
0 0.939891 0.598182 0.120219 0.112727
0 0.909836 0.460000 0.136612 0.076364
0 0.948087 0.336364 0.103825 0.090909
0 0.923497 0.201818 0.153005 0.083636
0 0.912568 0.063636 0.174863 0.090909
0 0.633880 0.054545 0.218579 0.080000
0 0.357923 0.045455 0.169399 0.069091
0 0.090164 0.067273 0.169399 0.105455
0 0.051913 0.230909 0.092896 0.105455
0 0.068306 0.374545 0.125683 0.152727
0 0.289617 0.343636 0.174863 0.127273
0 0.060109 0.574545 0.109290 0.167273
0 0.071038 0.743636 0.120219 0.149091
0 0.213115 0.647273 0.163934 0.109091
0 0.071038 0.921818 0.120219 0.149091
0 0.338798 0.930909 0.218579 0.116364
0 0.601093 0.936364 0.218579 0.112727
0 0.614754 0.572727 0.158470 0.090909
0 0.642077 0.681818 0.180328 0.090909
