0 0.502513 0.764822 0.301508 0.217391
0 0.824121 0.494071 0.241206 0.166008
0 0.849246 0.152174 0.271357 0.169960
0 0.376884 0.399209 0.241206 0.173913
0 0.597990 0.353755 0.201005 0.162055
0 0.773869 0.296443 0.190955 0.142292
0 0.605528 0.189723 0.226131 0.134387
0 0.311558 0.088933 0.170854 0.114625
0 0.188442 0.341897 0.226131 0.162055
0 0.550251 0.551383 0.256281 0.177866
0 0.688442 0.887352 0.180905 0.146245
0 0.736181 0.669960 0.246231 0.177866
0 0.346734 0.608696 0.170854 0.134387
0 0.218593 0.498024 0.135678 0.142292
0 0.175879 0.671937 0.201005 0.142292
