1 0.128846 0.556701 0.196154 0.237113
1 0.267308 0.432990 0.150000 0.164948
1 0.109615 0.417526 0.142308 0.092784
1 0.176923 0.317010 0.192308 0.128866
1 0.196154 0.211340 0.138462 0.113402
1 0.290385 0.105670 0.096154 0.056701
1 0.273077 0.167526 0.069231 0.056701
1 0.376923 0.175258 0.130769 0.092784
1 0.563462 0.157216 0.180769 0.087629
1 0.509615 0.203608 0.103846 0.056701
1 0.511538 0.273196 0.176923 0.082474
1 0.480769 0.347938 0.130769 0.087629
1 0.501923 0.476804 0.365385 0.201031
1 0.503846 0.610825 0.330769 0.149485
1 0.476923 0.778351 0.469231 0.226804
1 0.453846 0.938144 0.446154 0.123711
1 0.898077 0.755155 0.203846 0.231959
1 0.876923 0.600515 0.230769 0.159794
1 0.851923 0.448454 0.226923 0.154639
1 0.838462 0.335052 0.223077 0.103093
1 0.796154 0.273196 0.246154 0.092784
1 0.775000 0.154639 0.226923 0.103093
1 0.784615 0.072165 0.130769 0.092784
