0 0.084507 0.197740 0.119718 0.237288
0 0.200704 0.358757 0.126761 0.231638
0 0.332746 0.466102 0.144366 0.242938
0 0.487676 0.387006 0.151408 0.242938
0 0.642606 0.189266 0.179577 0.299435
0 0.818662 0.341808 0.172535 0.401130
0 0.667254 0.587571 0.179577 0.271186
0 0.524648 0.754237 0.176056 0.288136
0 0.362676 0.807910 0.161972 0.248588
0 0.213028 0.740113 0.137324 0.259887
0 0.086268 0.559322 0.116197 0.282486
0 0.248239 0.104520 0.123239 0.186441
0 0.411972 0.155367 0.126761 0.209040
0 0.904930 0.646893 0.190141 0.344633
0 0.788732 0.878531 0.225352 0.242938
