1 0.101818 0.691257 0.181818 0.289617
1 0.247273 0.879781 0.341818 0.207650
1 0.478182 0.639344 0.258182 0.316940
1 0.721818 0.816940 0.425455 0.366120
1 0.918182 0.683060 0.163636 0.240437
1 0.861818 0.445355 0.232727 0.245902
1 0.685455 0.497268 0.236364 0.251366
1 0.214545 0.505464 0.305455 0.366120
1 0.336364 0.333333 0.178182 0.207650
1 0.230909 0.229508 0.178182 0.142077
1 0.274545 0.147541 0.149091 0.142077
1 0.360000 0.090164 0.101818 0.081967
1 0.414545 0.163934 0.109091 0.120219
1 0.496364 0.237705 0.149091 0.180328
1 0.601818 0.327869 0.207273 0.163934
1 0.734545 0.243169 0.138182 0.169399
1 0.803636 0.314208 0.123636 0.103825
1 0.570909 0.062842 0.152727 0.092896
