1 0.417910 0.392430 0.268657 0.171315
1 0.587065 0.565737 0.318408 0.207171
1 0.825871 0.470120 0.348259 0.247012
1 0.713930 0.816733 0.432836 0.247012
1 0.189055 0.788845 0.288557 0.262948
1 0.460199 0.890438 0.283582 0.211155
1 0.368159 0.181275 0.228856 0.155378
1 0.611940 0.105578 0.238806 0.187251
1 0.669154 0.302789 0.273632 0.159363
1 0.910448 0.258964 0.179104 0.239044
1 0.786070 0.123506 0.179104 0.135458
1 0.181592 0.073705 0.263682 0.131474
1 0.134328 0.207171 0.238806 0.135458
1 0.233831 0.320717 0.288557 0.107570
1 0.258706 0.529880 0.238806 0.183267
1 0.079602 0.583665 0.149254 0.179283
1 0.835821 0.667331 0.208955 0.139442
