0 0.087687 0.433511 0.130597 0.186170
0 0.095149 0.236702 0.108209 0.143617
0 0.319030 0.159574 0.130597 0.234043
0 0.184701 0.138298 0.130597 0.148936
0 0.059701 0.101064 0.104478 0.117021
0 0.496269 0.226064 0.104478 0.143617
0 0.598881 0.069149 0.160448 0.074468
0 0.669776 0.244681 0.197761 0.287234
0 0.819030 0.082447 0.123134 0.122340
0 0.949627 0.114362 0.078358 0.143617
0 0.501866 0.454787 0.182836 0.218085
0 0.470149 0.712766 0.194030 0.244681
0 0.255597 0.683511 0.197761 0.228723
0 0.248134 0.412234 0.160448 0.186170
0 0.723881 0.821809 0.223881 0.250000
0 0.910448 0.755319 0.179104 0.329787
