0 0.519126 0.580000 0.273224 0.178182
0 0.669399 0.436364 0.267760 0.174545
0 0.390710 0.387273 0.267760 0.156364
0 0.612022 0.227273 0.251366 0.141818
0 0.516393 0.763636 0.355191 0.174545
0 0.885246 0.707273 0.229508 0.178182
0 0.882514 0.541818 0.234973 0.160000
0 0.098361 0.641818 0.185792 0.221818
0 0.188525 0.834545 0.311475 0.170909
0 0.860656 0.920000 0.278689 0.160000
0 0.114754 0.132727 0.218579 0.149091
0 0.434426 0.123636 0.278689 0.138182
0 0.289617 0.276364 0.229508 0.123636
0 0.095628 0.429091 0.169399 0.167273
0 0.259563 0.500000 0.224044 0.149091
0 0.281421 0.676364 0.224044 0.138182
0 0.773224 0.341818 0.245902 0.160000
0 0.669399 0.098182 0.180328 0.116364
0 0.792350 0.200000 0.142077 0.101818
0 0.942623 0.194545 0.114754 0.134545
0 0.942623 0.405455 0.114754 0.149091
0 0.721311 0.643636 0.240437 0.138182
